[VM0]: CMD:  virsh dominfo --domain centos8_test0
[VM0]: running
[VM0]: bench_id: 0, benchmark: splash2x.raytrace, num_cores: 72
records:  [[[0, 0, 'splash2x.raytrace', 4, 3100.0, 3100.0, 1.5845833333333335, 38.719]], [[0, 0, 'splash2x.raytrace', 8, 3100.0, 3100.0, 1.5295833333333335, 39.63]], [[0, 0, 'splash2x.raytrace', 12, 3099.9583333333335, 3100.0, 1.5205555555555554, 38.98]], [[0, 0, 'splash2x.raytrace', 16, 3099.5833333333335, 3100.0, 1.5202083333333334, 39.532]], [[0, 0, 'splash2x.raytrace', 20, 3100.0, 3100.0, 1.5499166666666664, 39.32]], [[0, 0, 'splash2x.raytrace', 24, 3098.3402777777774, 3100.0, 1.5176388888888892, 40.003]], [[0, 0, 'splash2x.raytrace', 28, 3099.095238095238, 3100.0, 1.5301785714285718, 40.035]], [[0, 0, 'splash2x.raytrace', 32, 3097.4270833333335, 3100.0, 1.4942708333333332, 39.576]], [[0, 0, 'splash2x.raytrace', 36, 3098.1111111111113, 3100.0, 1.5092592592592593, 40.915]], [[0, 0, 'splash2x.raytrace', 40, 3098.6125, 3100.0, 1.4520833333333334, 41.551]], [[0, 0, 'splash2x.raytrace', 44, 3076.484848484848, 3079.287878787878, 1.4171969696969702, 44.277]], [[0, 0, 'splash2x.raytrace', 48, 3003.1597222222244, 3003.6979166666674, 1.3832291666666663, 46.047]], [[0, 0, 'splash2x.raytrace', 52, 2948.176282051282, 2948.2019230769242, 1.3848717948717946, 47.477]], [[0, 0, 'splash2x.raytrace', 56, 2871.559523809523, 2871.642857142856, 1.4032440476190473, 48.318]], [[0, 0, 'splash2x.raytrace', 60, 2812.013888888889, 2812.111111111112, 1.3799166666666667, 50.838]], [[0, 0, 'splash2x.raytrace', 64, 2767.138020833333, 2767.21875, 1.360572916666667, 53.126]], [[0, 0, 'splash2x.raytrace', 68, 2720.5612745098038, 2721.49019607843, 1.3908823529411765, 53.67]], [[0, 0, 'splash2x.raytrace', 72, 2665.094907407408, 2665.1550925925912, 1.3634259259259256, 55.959]]]
[VM0]: 
[VM0]: bench_id: 1, benchmark: splash2x.ocean_ncp, num_cores: 72
records:  [[[0, 1, 'splash2x.ocean_ncp', 4, 3079.7916666666665, 3100.0, 0.6691666666666666, 40.323]], [[0, 1, 'splash2x.ocean_ncp', 8, 2902.9375, 3100.0, 0.6397916666666665, 45.64]], [[0, 1, 'splash2x.ocean_ncp', 12, 2210.7916666666665, 3099.9861111111113, 0.5297222222222223, 6.361]], [[0, 1, 'splash2x.ocean_ncp', 16, 1725.9583333333333, 3100.270833333333, 0.6572916666666667, 75.92]], [[0, 1, 'splash2x.ocean_ncp', 20, 1045.2, 3099.9166666666665, 0.4813333333333333, 69.642]], [[0, 1, 'splash2x.ocean_ncp', 24, 1819.3194444444443, 3099.8611111111113, 0.5445138888888889, 77.486]], [[0, 1, 'splash2x.ocean_ncp', 28, 1449.2261904761908, 3100.071428571429, 0.4745238095238094, 15.21]], [[0, 1, 'splash2x.ocean_ncp', 32, 1658.65625, 3100.505208333333, 0.4035416666666667, 18.085]], [[0, 1, 'splash2x.ocean_ncp', 36, 2288.8518518518517, 3100.0, 0.3818055555555555, 20.669]], [[0, 1, 'splash2x.ocean_ncp', 40, 2416.962499999999, 3100.641666666667, 0.4126250000000001, 16.013]], [[0, 1, 'splash2x.ocean_ncp', 44, 2162.1060606060596, 3100.0113636363635, 0.29352272727272727, 19.245]], [[0, 1, 'splash2x.ocean_ncp', 48, 2098.6736111111113, 3100.3993055555547, 0.28177083333333336, 11.581]], [[0, 1, 'splash2x.ocean_ncp', 52, 1639.1634615384614, 3100.333333333333, 0.36249999999999993, 78.501]], [[0, 1, 'splash2x.ocean_ncp', 56, 2380.303571428572, 3099.9613095238096, 0.28547619047619055, 13.904]], [[0, 1, 'splash2x.ocean_ncp', 60, 2238.130555555555, 3100.0, 0.24175000000000002, 25.663]], [[0, 1, 'splash2x.ocean_ncp', 64, 2163.223958333333, 3100.4036458333335, 0.2727083333333332, 27.575]], [[0, 1, 'splash2x.ocean_ncp', 68, 1272.115196078431, 3100.2941176470586, 0.2288480392156863, 86.703]], [[0, 1, 'splash2x.ocean_ncp', 72, 1387.8078703703704, 3099.9930555555566, 0.287638888888889, 6.647]]]
[VM0]: 
[VM0]: bench_id: 2, benchmark: splash2x.barnes, num_cores: 72
records:  [[[0, 2, 'splash2x.barnes', 4, 2871.625, 3100.0, 1.4858333333333333, 39.369]], [[0, 2, 'splash2x.barnes', 8, 2754.0416666666665, 3100.0, 1.384375, 39.986]], [[0, 2, 'splash2x.barnes', 12, 2858.2361111111113, 3100.0, 1.3165277777777777, 40.419]], [[0, 2, 'splash2x.barnes', 16, 2767.510416666667, 3100.0, 1.2041666666666666, 41.232]], [[0, 2, 'splash2x.barnes', 20, 2716.041666666667, 3100.0, 1.2124166666666665, 41.067]], [[0, 2, 'splash2x.barnes', 24, 2750.6666666666665, 3100.0, 1.1090972222222222, 42.042]], [[0, 2, 'splash2x.barnes', 28, 2789.6488095238096, 3100.0, 1.2395238095238095, 42.387]], [[0, 2, 'splash2x.barnes', 32, 2775.661458333333, 3100.0, 1.1277604166666666, 41.818]], [[0, 2, 'splash2x.barnes', 36, 2770.481481481481, 3100.0, 1.111435185185185, 42.668]], [[0, 2, 'splash2x.barnes', 40, 2836.195833333333, 3100.0, 1.2209999999999999, 43.062]], [[0, 2, 'splash2x.barnes', 44, 2795.840909090909, 3100.0, 1.1155681818181817, 42.489]], [[0, 2, 'splash2x.barnes', 48, 2739.4340277777774, 3100.0, 1.1321527777777776, 43.269]], [[0, 2, 'splash2x.barnes', 52, 2783.221153846154, 3100.0, 1.114423076923077, 42.628]], [[0, 2, 'splash2x.barnes', 56, 2789.42857142857, 3088.4404761904766, 1.1321428571428567, 44.018]], [[0, 2, 'splash2x.barnes', 60, 2594.2416666666677, 3050.85, 1.1113055555555555, 45.709]], [[0, 2, 'splash2x.barnes', 64, 2593.7734375000005, 3006.4192708333335, 1.1070052083333333, 48.788]], [[0, 2, 'splash2x.barnes', 68, 2424.5588235294113, 2992.659313725491, 1.1460294117647056, 45.72]], [[0, 2, 'splash2x.barnes', 72, 2350.0833333333335, 2946.5763888888887, 1.0471759259259263, 64.37]]]
[VM0]: 
[VM0]: bench_id: 3, benchmark: splash2x.lu_cb, num_cores: 72
records:  [[[0, 3, 'splash2x.lu_cb', 4, 3085.6666666666665, 3100.0, 1.7854166666666667, 60.989]], [[0, 3, 'splash2x.lu_cb', 8, 3074.3541666666665, 3100.0, 1.8052083333333333, 60.909]], [[0, 3, 'splash2x.lu_cb', 12, 3005.7777777777774, 3100.0, 1.8504166666666666, 60.8]], [[0, 3, 'splash2x.lu_cb', 16, 3038.3125000000005, 3100.0, 1.8083333333333333, 60.732]], [[0, 3, 'splash2x.lu_cb', 20, 3016.4416666666666, 3100.0, 1.8041666666666667, 61.333]], [[0, 3, 'splash2x.lu_cb', 24, 3038.4375, 3100.0, 1.7998611111111111, 60.699]], [[0, 3, 'splash2x.lu_cb', 28, 3037.5297619047624, 3100.0, 1.802916666666667, 61.37]], [[0, 3, 'splash2x.lu_cb', 32, 3007.1250000000005, 3100.0, 1.8005208333333333, 60.891]], [[0, 3, 'splash2x.lu_cb', 36, 3049.2453703703704, 3100.0, 1.8051851851851854, 60.955]], [[0, 3, 'splash2x.lu_cb', 40, 3031.6833333333334, 3100.0, 1.8049999999999997, 60.97]], [[0, 3, 'splash2x.lu_cb', 44, 3038.7651515151506, 3100.0, 1.7891666666666666, 61.047]], [[0, 3, 'splash2x.lu_cb', 48, 2995.975694444445, 3100.0, 1.7927777777777774, 61.042]], [[0, 3, 'splash2x.lu_cb', 52, 3008.7179487179474, 3096.3205128205122, 1.7864743589743581, 61.677]], [[0, 3, 'splash2x.lu_cb', 56, 2976.842261904763, 3029.8779761904757, 1.7824107142857144, 62.746]], [[0, 3, 'splash2x.lu_cb', 60, 2923.799999999999, 2977.9111111111106, 1.787027777777777, 64.174]], [[0, 3, 'splash2x.lu_cb', 64, 2848.289062499999, 2922.815104166665, 1.8040624999999995, 65.307]], [[0, 3, 'splash2x.lu_cb', 68, 2782.333333333334, 2861.4485294117644, 1.7913235294117642, 66.685]], [[0, 3, 'splash2x.lu_cb', 72, 2733.993055555555, 2807.7754629629635, 1.8223842592592598, 67.909]]]
[VM0]: 
[VM0]: bench_id: 4, benchmark: splash2x.radiosity, num_cores: 72
records:  [[[0, 4, 'splash2x.radiosity', 4, 3100.0, 3100.0, 1.91125, 115.002]], [[0, 4, 'splash2x.radiosity', 8, 3098.3958333333335, 3100.0, 1.9102083333333333, 115.261]], [[0, 4, 'splash2x.radiosity', 12, 3099.986111111111, 3100.0, 1.9002777777777775, 115.475]], [[0, 4, 'splash2x.radiosity', 16, 3100.0, 3100.0, 1.91, 115.056]], [[0, 4, 'splash2x.radiosity', 20, 3069.891666666667, 3100.0, 1.9149999999999998, 115.539]], [[0, 4, 'splash2x.radiosity', 24, 3053.659722222222, 3100.0, 1.9139583333333328, 116.354]], [[0, 4, 'splash2x.radiosity', 28, 3032.779761904762, 3100.0, 1.9218452380952382, 115.683]], [[0, 4, 'splash2x.radiosity', 32, 2965.578125, 3100.0, 1.910260416666667, 115.77]], [[0, 4, 'splash2x.radiosity', 36, 2957.3657407407413, 3100.0, 1.9191666666666667, 115.725]], [[0, 4, 'splash2x.radiosity', 40, 2931.041666666667, 3100.0, 1.92175, 116.733]], [[0, 4, 'splash2x.radiosity', 44, 2635.015151515152, 3099.981060606061, 1.626212121212121, 118.999]], [[0, 4, 'splash2x.radiosity', 48, 2731.6840277777774, 3100.0, 1.787951388888889, 118.303]], [[0, 4, 'splash2x.radiosity', 52, 1854.4743589743591, 3099.5833333333326, 1.4625961538461536, 117.43]], [[0, 4, 'splash2x.radiosity', 56, 1436.0744047619044, 3094.741071428571, 1.262202380952381, 125.968]], [[0, 4, 'splash2x.radiosity', 60, 1280.136111111111, 3100.0555555555557, 1.0799722222222221, 126.101]], [[0, 4, 'splash2x.radiosity', 64, 1149.151041666667, 3100.7109375, 0.98953125, 126.526]], [[0, 4, 'splash2x.radiosity', 68, 862.8039215686272, 3094.495098039216, 0.8512009803921571, 124.172]], [[0, 4, 'splash2x.radiosity', 72, 653.1990740740742, 3097.310185185185, 0.8403472222222224, 10.073]]]
[VM0]: 
[VM0]: bench_id: 5, benchmark: splash2x.water_spatial, num_cores: 72
records:  [[[0, 5, 'splash2x.water_spatial', 4, 2989.5416666666665, 3100.0, 1.8166666666666669, 35.318]], [[0, 5, 'splash2x.water_spatial', 8, 2920.541666666667, 3100.0, 1.6602083333333335, 35.287]], [[0, 5, 'splash2x.water_spatial', 12, 2949.0, 3100.0, 1.6484722222222226, 36.771]], [[0, 5, 'splash2x.water_spatial', 16, 2899.4895833333335, 3100.0, 1.6376041666666663, 36.893]], [[0, 5, 'splash2x.water_spatial', 20, 3001.7, 3100.0, 1.62525, 35.338]], [[0, 5, 'splash2x.water_spatial', 24, 2937.7152777777774, 3100.0, 1.6395833333333334, 38.049]], [[0, 5, 'splash2x.water_spatial', 28, 2697.642857142858, 3100.0, 1.5914285714285712, 37.157]], [[0, 5, 'splash2x.water_spatial', 32, 2876.8385416666665, 3100.0, 1.6230208333333327, 38.627]], [[0, 5, 'splash2x.water_spatial', 36, 2617.5787037037035, 3100.0, 1.6245833333333328, 37.775]], [[0, 5, 'splash2x.water_spatial', 40, 2725.770833333333, 3100.0, 1.6191249999999997, 37.861]], [[0, 5, 'splash2x.water_spatial', 44, 2749.897727272727, 3100.0, 1.5378787878787883, 38.494]], [[0, 5, 'splash2x.water_spatial', 48, 2696.7465277777774, 3099.0, 1.607673611111111, 39.485]], [[0, 5, 'splash2x.water_spatial', 52, 2630.0096153846152, 3059.5993589743593, 1.5918269230769229, 39.465]], [[0, 5, 'splash2x.water_spatial', 56, 2602.1309523809527, 3027.309523809524, 1.5885416666666667, 40.651]], [[0, 5, 'splash2x.water_spatial', 60, 2580.0888888888885, 2988.5555555555557, 1.5724444444444445, 41.665]], [[0, 5, 'splash2x.water_spatial', 64, 2581.895833333334, 2933.4765625000005, 1.5414843749999994, 40.151]], [[0, 5, 'splash2x.water_spatial', 68, 2588.7818627450984, 2889.779411764705, 1.5191911764705883, 43.365]], [[0, 5, 'splash2x.water_spatial', 72, 2632.719907407408, 2846.8611111111095, 1.5532638888888888, 43.714]]]
[VM0]: 
[VM0]: bench_id: 6, benchmark: parsec.fluidanimate, num_cores: 72
records:  [[[0, 6, 'parsec.fluidanimate', 4, 3071.5, 3100.0, 1.5954166666666667, 104.532]], [[0, 6, 'parsec.fluidanimate', 8, 3013.625, 3100.0, 1.6239583333333334, 105.549]], [[0, 6, 'parsec.fluidanimate', 12, 3036.152777777778, 3100.0, 1.5786111111111112, 105.876]], [[0, 6, 'parsec.fluidanimate', 16, 3008.3750000000005, 3100.0, 1.60375, 105.167]], [[0, 6, 'parsec.fluidanimate', 20, 3030.3250000000003, 3100.0, 1.6020833333333335, 106.491]], [[0, 6, 'parsec.fluidanimate', 24, 3021.409722222222, 3100.0, 1.592083333333334, 105.354]], [[0, 6, 'parsec.fluidanimate', 28, 3045.3214285714284, 3100.0, 1.5568452380952382, 108.071]], [[0, 6, 'parsec.fluidanimate', 32, 3031.7760416666665, 3100.0, 1.5527604166666669, 107.425]], [[0, 6, 'parsec.fluidanimate', 36, 3020.1851851851848, 3100.0, 1.5345370370370373, 107.627]], [[0, 6, 'parsec.fluidanimate', 40, 3019.9666666666667, 3100.0, 1.4987500000000002, 111.176]], [[0, 6, 'parsec.fluidanimate', 44, 3024.242424242424, 3100.0, 1.4967424242424239, 109.847]], [[0, 6, 'parsec.fluidanimate', 48, 3034.8854166666674, 3099.847222222222, 1.481076388888889, 111.263]], [[0, 6, 'parsec.fluidanimate', 52, 3029.714743589744, 3091.3814102564115, 1.3875000000000002, 112.975]], [[0, 6, 'parsec.fluidanimate', 56, 2970.77380952381, 3048.3303571428573, 1.4275595238095242, 116.632]], [[0, 6, 'parsec.fluidanimate', 60, 2943.4861111111104, 3015.6444444444446, 1.3631666666666662, 120.02]], [[0, 6, 'parsec.fluidanimate', 64, 2908.7499999999995, 2974.3854166666674, 1.3524479166666665, 123.673]], [[0, 6, 'parsec.fluidanimate', 68, 2855.6813725490197, 2934.200980392157, 1.328014705882353, 128.414]], [[0, 6, 'parsec.fluidanimate', 72, 2815.495370370371, 2895.4583333333344, 1.309444444444444, 132.491]]]
[VM0]: 
[VM0]: bench_id: 7, benchmark: parsec.freqmine, num_cores: 72
records:  [[[0, 7, 'parsec.freqmine', 4, 2983.2083333333335, 3100.0, 1.4741666666666666, 148.516]], [[0, 7, 'parsec.freqmine', 8, 2639.0416666666665, 3100.0, 1.45125, 163.143]], [[0, 7, 'parsec.freqmine', 12, 2434.3472222222217, 3100.0, 1.3927777777777777, 158.009]], [[0, 7, 'parsec.freqmine', 16, 2210.7395833333335, 3100.010416666667, 1.3596875000000002, 176.894]], [[0, 7, 'parsec.freqmine', 20, 2248.1916666666666, 3099.983333333333, 1.1470000000000002, 172.9]], [[0, 7, 'parsec.freqmine', 24, 2067.152777777778, 3099.944444444444, 1.1505555555555553, 178.442]], [[0, 7, 'parsec.freqmine', 28, 1951.4940476190475, 3100.279761904762, 1.0755357142857143, 199.641]], [[0, 7, 'parsec.freqmine', 32, 1826.1614583333333, 3100.140625, 1.0545312500000004, 185.17]], [[0, 7, 'parsec.freqmine', 36, 2022.9675925925924, 3100.125, 1.0606018518518519, 202.164]], [[0, 7, 'parsec.freqmine', 40, 1902.6041666666665, 3099.9125, 1.0384166666666663, 236.914]], [[0, 7, 'parsec.freqmine', 44, 1825.0795454545457, 3099.909090909091, 1.0784848484848484, 168.259]], [[0, 7, 'parsec.freqmine', 48, 1805.4375000000002, 3100.045138888889, 0.9715972222222226, 199.51]], [[0, 7, 'parsec.freqmine', 52, 1829.897435897436, 3100.0, 0.9596153846153845, 229.012]], [[0, 7, 'parsec.freqmine', 56, 2017.5327380952374, 3100.023809523809, 1.0020833333333334, 220.274]], [[0, 7, 'parsec.freqmine', 60, 1905.7833333333338, 3100.1138888888886, 0.9714722222222224, 215.599]], [[0, 7, 'parsec.freqmine', 64, 1858.4427083333328, 3099.9635416666665, 0.9557812500000001, 228.026]], [[0, 7, 'parsec.freqmine', 68, 1859.3382352941173, 3099.7205882352946, 0.922622549019608, 190.993]], [[0, 7, 'parsec.freqmine', 72, 1875.562499999999, 3086.6157407407404, 0.9580555555555554, 254.311]]]
[VM0]: 
[VM0]: bench_id: 8, benchmark: parsec.ferret, num_cores: 72
records:  [[[0, 8, 'parsec.ferret', 4, 3098.5, 3100.0, 1.2408333333333335, 102.994]], [[0, 8, 'parsec.ferret', 8, 3076.9374999999995, 3100.0, 1.2179166666666668, 105.957]], [[0, 8, 'parsec.ferret', 12, 3080.097222222222, 3100.0, 1.2065277777777776, 106.763]], [[0, 8, 'parsec.ferret', 16, 3079.7395833333335, 3100.0, 1.2052083333333332, 108.863]], [[0, 8, 'parsec.ferret', 20, 3069.6499999999996, 3100.0, 1.121, 110.418]], [[0, 8, 'parsec.ferret', 24, 3065.6250000000005, 3100.0, 1.1400694444444441, 107.632]], [[0, 8, 'parsec.ferret', 28, 3028.6071428571427, 3100.0, 1.1230952380952381, 123.708]], [[0, 8, 'parsec.ferret', 32, 3043.802083333334, 3100.0, 1.1564062500000005, 110.948]], [[0, 8, 'parsec.ferret', 36, 3066.384259259259, 3100.0, 1.1307407407407408, 112.734]], [[0, 8, 'parsec.ferret', 40, 2976.4875, 3100.0, 1.136958333333333, 114.509]], [[0, 8, 'parsec.ferret', 44, 3017.4015151515155, 3100.0, 1.122537878787879, 111.797]], [[0, 8, 'parsec.ferret', 48, 3016.7534722222226, 3100.0, 1.1409027777777778, 113.474]], [[0, 8, 'parsec.ferret', 52, 3031.977564102565, 3100.0, 1.1344871794871794, 126.129]], [[0, 8, 'parsec.ferret', 56, 2996.994047619048, 3099.6636904761895, 1.1165178571428573, 112.856]], [[0, 8, 'parsec.ferret', 60, 2832.3888888888896, 3065.111111111111, 1.1264722222222223, 116.899]], [[0, 8, 'parsec.ferret', 64, 2730.9583333333335, 3002.4947916666674, 1.125911458333333, 121.89]], [[0, 8, 'parsec.ferret', 68, 2869.580882352941, 2946.5196078431372, 1.1049509803921571, 121.794]], [[0, 8, 'parsec.ferret', 72, 2631.9097222222235, 2911.3009259259243, 1.1388657407407403, 125.646]]]
[VM0]: 
